92278043
136908951
252957068
408006120
429406142
456995951
466606099
515040114
516528042
545291383
560294955
596557574
634647082
660180463
686260481
804899945
863048743
942628797
965928423
433112678
626261275
1000511616
4210646
25454139
144833533
282256792
551504295
1343033
21152159
22999155
44975042
56216830
116700513
117114991
120515243
172857270
202265627
224440177
226092766
236108198
247579688
253321806
263685703
295502847
325145161
374454619
399261172
403622087
412512920
435334533
442234563
442319692
472410531
496176761
648807531
496866816
510808183
535376086
551360608
892430403
551929063
552671018
557712330
578407308
580218669
583821176
594011971
600153208
600600874
667817391
706034727
691134233
705520520
736824381
737971187
224880863
813195067
759533724
798386316
802851935
807279264
812857626
838101500
862019737
883396317
885130821
888309805
918283182
937587768
954537537
956878986
963338624
985940879
1013066060
1029424620
1038285894
1039586827
1059472479
32021773
69632086
96351698
119255607
168005073
209466980
310521111
422057531
358880743
364713809
234045920
405846800
443152985
565713450
641042713
742555548
733616658
856817789
982061245
1020606370
1056081683
1069341019
27636510
267528444
934646778
648763478
521309884
565544983
709115839
388595829
490554909
510329512
885553067
992766590
1020829550
225938288
557879933
92488690
279152674
340434629
353780485
452356404
700687981
753717279
919404745
931296104
989063970
1016810637